All Schools,353014,-2.12,2869937334,0.59
ACE TECH HS,346,-10.13,3267563,-4.99
ADDAMS,655,-6.83,4891603,-0.14
AGASSIZ,476,0.63,4019056,-2.18
AHS  PASSAGES,437,-1.13,3578432,8.44
AIR FORCE HS,351,4.78,3183882,7.70
ALBANY PARK,269,-2.89,2147267,-1.84
ALCOTT,941,3.41,6639045,6.80
ALDRIDGE,134,-9.46,1277779,6.30
AMUNDSEN HS,1183,0.94,9954511,1.77
ARIEL,468,-2.70,3827944,10.88
ARMOUR,239,-5.91,1977345,-8.16
ARMSTRONG G,1276,-3.19,9317317,-3.68
ASHBURN,468,0.21,4260648,-1.50
ASHE,234,-16.13,2090447,-10.26
ASPIRA  BUSINESS & FINANCE HS,459,37.01,4121475,37.04
ASPIRA  EARLY COLLEGE HS,403,-4.50,3670011,0.70
ASPIRA  HAUGAN,545,1.49,4204176,8.57
AUDUBON,503,-0.79,3328782,-1.42
AVALON PARK,274,-2.84,2269015,4.76
AZUELA,899,-1.75,6615046,4.90
BACK OF THE YARDS HS,1055,1.05,8212331,4.52
BANNER WEST HS,227,-5.81,1977879,-9.58
BARNARD,297,4.58,2601519,2.31
BARRY,577,-6.63,4502166,-1.05
BARTON,338,-13.99,3100118,-2.84
BASS,401,-0.99,3217676,-3.58
BATEMAN,943,-0.32,6738134,3.36
BEARD,73,-1.35,3038169,-0.79
BEASLEY,1192,-0.17,8102273,8.58
BEAUBIEN,1035,-2.73,6807174,0.85
BEETHOVEN,329,-5.19,2862863,-1.65
BEIDLER,431,2.62,3292359,3.77
BELDING,490,-0.81,3696297,-1.59
BELL,961,0.63,6448475,-0.93
BELMONTCRAGIN,292,-1.35,2692926,1.41
BENNETT,265,-11.67,2202514,-5.93
BLACK,416,-6.31,3208198,-5.60
BLAINE,776,0.65,4755171,0.08
BLAIR,71,-4.05,3392872,6.55
BOGAN HS,813,1.88,7552458,3.41
BOND,273,-1.44,2679455,5.36
BOONE,761,-0.26,5961878,-4.21
BOUCHET,545,-1.09,4855241,3.73
BOWEN HS,299,-8.84,3352730,-9.45
BRADWELL,535,-10.23,4428308,-0.97
BRENNEMANN,332,-7.78,3393974,-1.62
BRENTANO,436,8.46,3491746,8.41
BRIDGE,1003,0.91,6650607,4.27
BRIGHT,264,-1.49,2806261,-0.21
BRIGHTON PARK,423,-7.24,3108820,-6.73
BRONZEVILLE HS,306,-18.62,2738380,-7.82
BROOKS HS,971,6.00,7610580,13.50
BROWN R,312,-0.32,2807434,4.61
BROWN W,259,1.57,2863101,8.70
BROWNELL,175,-2.23,1432896,-3.11
BRUNSON,437,-8.39,3516925,-0.21
BUDLONG,650,-0.31,4949064,-1.27
BURBANK,845,-3.32,6791450,-1.24
BURKE,372,1.92,3194979,11.21
BURLEY,518,1.17,3472805,0.15
BURNHAM,472,-3.48,4104470,1.31
BURNSIDE,444,-7.31,4121383,1.40
BURR,390,5.98,2523843,-0.06
BURROUGHS,404,-5.83,3185771,-1.50
BYRNE,659,0.76,5053546,8.21
CALDWELL,233,-2.10,1718523,-0.54
CALMECA,732,-1.48,5469164,2.02
CAMELOT  CHICAGO EXCEL HS,210,-16.67,1852916,-13.23
CAMELOT  EXCEL ENGLEWOOD HS,145,-32.56,1408377,-22.74
CAMELOT  EXCEL SOUTHWEST HS,151,-20.53,1395784,-9.30
CAMELOT  EXCEL WOODLAWN HS,177,-19.18,1535649,-9.57
CAMELOT  GARFIELD,16,-30.43,216177,-77.41
CAMELOT SAFE,26,8.33,309257,-74.84
CAMERON,720,-1.23,5608570,3.78
CAMRAS,847,-0.47,6475053,5.22
CANTY,768,-2.29,5291534,1.51
CARDENAS,500,-6.02,3999008,-2.22
CARNEGIE,636,2.42,4635656,6.48
CARROLL,444,-4.31,3768995,0.88
CARSON,961,-2.93,6852923,-2.25
CARTER,350,-5.15,2548094,-2.78
CARVER G,402,0.75,3236205,4.67
CARVER MILITARY HS,498,-0.40,4378148,-2.31
CASALS,397,-5.70,2957907,-1.07
CASSELL,412,0.49,3686335,1.65
CASTELLANOS,606,-0.82,4577582,0.61
CATALYST  CIRCLE ROCK,524,0.38,3916582,2.54
CATALYST  MARIA,1076,-2.80,9317171,-1.41
CATHER,334,-4.57,2752874,2.84
CHALMERS,312,-5.74,2523974,-2.75
CHAPPELL,512,-0.78,4602960,0.92
CHASE,366,-5.91,4168205,0.71
CHAVEZ,900,-2.28,7076393,0.72
CHICAGO ACADEMY ES,531,0.19,3701412,-5.46
CHICAGO ACADEMY HS,564,2.73,4600232,-1.24
CHICAGO AGRICULTURE HS,698,-3.06,6500877,-4.88
CHICAGO ARTS HS,608,0.83,4355109,6.02
CHICAGO COLLEGIATE,285,-9.52,2367389,-4.27
CHICAGO MATH & SCIENCE HS,599,-0.17,5006653,2.81
CHICAGO MILITARY HS,290,-1.02,2762021,-2.61
CHICAGO TECH HS,232,-14.71,2251097,-14.45
CHICAGO VIRTUAL,674,-0.30,5174355,-1.28
CHICAGO VOCATIONAL HS,882,-4.44,8822953,-3.89
CHOPIN,384,-7.91,3951572,-4.44
CHRISTOPHER,390,0.00,6429773,-9.69
CHRISTOPHER HOUSE,315,13.72,2558678,19.03
CICS  AVALON SOUTH SHORE,526,4.99,3966707,9.79
CICS  BASIL,765,2.14,5690172,8.58
CICS  BOND,342,0.29,2595208,3.98
CICS  BUCKTOWN,705,0.14,5492193,6.04
CICS  CHICAGOQUEST HS,250,-13.19,2362631,-6.41
CICS  ELLISON HS,426,-3.40,3773905,-1.34
CICS  IRVING PARK,534,-3.96,3678872,-0.97
CICS  LONGWOOD,1343,-1.32,11071819,0.29
CICS  LOOMIS,552,0.36,4114391,5.43
CICS  NORTHTOWN HS,875,-3.63,7875426,3.57
CICS  PRAIRIE,430,2.38,3223847,5.47
CICS  WASHINGTON PARK,495,2.70,3816345,15.61
CICS  WEST BELDEN,537,1.13,4221980,2.71
CICS  WRIGHTWOOD,792,1.02,5863725,4.61
CLAREMONT,402,0.00,4005828,0.41
CLARK ES,215,-4.02,1818142,-11.87
CLARK HS,561,2.37,5016901,-1.60
CLAY,564,1.99,4260212,3.69
CLEMENTE HS,750,1.76,7115442,5.07
CLEVELAND,514,-6.88,4745208,-8.46
CLINTON,1089,-1.27,7645277,7.97
CLISSOLD,502,-2.71,4344151,4.53
COLEMON,200,-8.68,1774525,-2.18
COLES,393,-7.09,3083962,-3.44
COLLINS HS,272,-7.80,2447115,-13.95
COLUMBIA EXPLORERS,1043,-2.43,7310089,3.49
COLUMBUS,273,3.02,1921843,2.70
COOK,322,-2.42,3052114,2.17
COONLEY,984,3.80,6429398,2.46
COOPER,397,-10.18,3636514,-3.19
CORKERY,478,-5.16,4157383,7.57
CORLISS HS,307,-17.25,3663833,-12.01
COURTENAY,364,-7.14,3930970,-13.45
CRANE MEDICAL HS,582,-1.36,4126146,-9.47
CROWN,256,-4.48,2155966,-5.82
CUFFE,301,-6.23,2386266,-7.66
CULLEN,153,-11.05,1276206,-6.24
CURIE HS,2935,-0.54,24232204,1.37
CURTIS,527,-3.66,3929769,-0.17
DALEY,548,-6.00,4031773,-0.54
DARWIN,424,-8.42,3362962,-6.03
DAVIS M,249,-4.60,2507092,-0.43
DAVIS N,642,-4.32,5244092,6.35
DAWES,970,-0.10,7894570,4.36
DE DIEGO,544,-5.23,4333479,-5.17
DECATUR,304,4.11,2034056,9.98
DENEEN,506,-1.36,3932454,7.00
DEPRIEST,525,-5.23,5136052,-2.70
DETT,236,-7.81,2764645,-5.42
DEVER,737,-1.47,5415855,8.25
DEVRY HS,193,-1.53,1835788,-5.33
DEWEY,350,2.34,2817933,4.23
DIRKSEN,846,1.81,6023250,5.33
DISNEY,1472,-1.93,10139967,2.42
DISNEY II,1104,0.55,7879434,2.51
DIXON,500,-7.75,3693187,-5.13
DOOLITTLE,246,-1.99,1885972,0.29
DORE,726,4.01,4960504,8.75
DOUGLASS HS,132,-24.57,1574190,-19.20
DRAKE,349,-7.67,2985196,-13.04
DRUMMOND,280,-1.41,2580932,-2.47
DUBOIS,240,1.27,2195171,12.34
DULLES,549,-5.67,4320034,-4.63
DUNBAR HS,426,-24.06,5036137,-20.68
DUNNE,208,-5.02,1827580,-7.89
DURKIN PARK,651,1.40,4892069,7.43
DVORAK,331,-7.54,2789085,3.80
DYETT ARTS HS,292,95.97,2352958,70.11
EARHART,241,-3.60,1759806,-2.07
EARLE,398,-2.45,3350786,1.23
EBERHART,1392,-2.18,9784777,2.94
EBINGER,821,2.63,5168630,5.02
EDGEBROOK,508,-1.36,3107510,3.59
EDISON,274,-0.36,1740285,0.96
EDISON PARK,555,1.28,4124416,8.70
EDWARDS,1334,-2.34,10444195,5.85
ELLINGTON,521,-4.58,4652207,-8.13
EPIC HS,478,-4.59,4726504,1.77
ERICSON,408,-0.73,3123016,4.26
ERIE,417,-0.95,3325922,8.14
ESMOND,267,-8.25,2387965,-1.57
EVERETT,146,-7.01,1412025,20.95
EVERGREEN,310,2.31,2585426,2.27
EVERS,257,-6.88,2284984,1.50
FAIRFIELD,540,-2.17,3932171,2.18
FALCONER,1037,-5.90,7754406,-0.67
FARADAY,255,-4.14,1992628,-9.78
FARNSWORTH,568,1.79,5343749,5.90
FARRAGUT HS,722,-11.74,7382247,-9.89
FENGER HS,203,-11.74,2168499,-15.33
FERNWOOD,258,-3.01,2161566,1.35
FIELD,168,-15.58,1443480,-9.53
FINKL,326,-12.83,3093241,-1.60
FISKE,398,0.00,3133047,-2.71
FOREMAN HS,762,-14.77,7791836,-12.92
FORT DEARBORN,352,-5.12,3228613,7.74
FOSTER PARK,313,-3.10,3073200,2.72
FOUNDATIONS,243,14.62,2011035,12.91
FRANKLIN,338,-7.40,2515422,-8.67
FRAZIER CHARTER,392,-3.92,2994407,-2.44
FRAZIER PROSPECTIVE,244,-3.17,2054978,-9.61
FULLER,322,-7.20,2407371,-1.96
FULTON,306,-7.83,2603951,-7.72
FUNSTON,344,-12.02,3331576,-0.25
GAGE PARK HS,293,-12.80,2935806,-14.22
GALE,302,-6.50,3200262,-1.84
GALILEO,566,-1.91,4215664,3.34
GALLISTEL,721,-11.64,6609421,-2.47
GARVEY,202,-1.94,1639743,-6.23
GARVY,789,-0.13,5204207,-0.03
GARY,1051,-1.13,8123609,4.40
GILLESPIE,482,-5.30,3920760,-3.03
GLOBAL CITIZENSHIP,461,0.00,3353241,3.58
GOETHE,665,-1.63,4737001,-2.06
GOODE HS,850,-1.28,7111858,2.20
GOUDY,626,-5.58,5007946,-1.11
GRAHAM ES,383,-6.59,2915302,-2.91
GRAHAM HS,122,2.52,3214395,0.56
GRAY,1118,-2.61,8149731,-0.28
GREAT LAKES,301,19.92,2178900,20.07
GREELEY,540,-4.93,4329708,0.08
GREEN,336,-1.18,2829814,-7.50
GREENE,477,-8.80,3652944,-8.50
GREGORY,298,-5.70,2641228,-0.71
GRESHAM,305,-1.61,2443643,3.58
GRIMES,420,-2.10,2968258,-2.68
GRISSOM,328,-2.38,2557428,3.07
GUNSAULUS,723,2.41,5489918,7.99
HAINES,643,0.78,4329718,2.93
HALE,942,0.64,6790624,-0.85
HALEY,514,-3.93,4335422,-4.30
HAMILTON,444,-2.84,2779528,-2.15
HAMLINE,547,-2.32,4383050,-1.73
HAMMOND,371,-7.02,3028512,-5.57
HAMPTON,545,-3.20,4576557,2.12
HANCOCK HS,956,7.17,7162361,3.84
HANSON PARK,1356,-0.15,11816375,-2.32
HARLAN HS,367,-24.17,4392552,-19.96
HARPER HS,130,-22.16,1877869,-26.69
HARTE,272,-9.03,2443323,-4.80
HARVARD,352,-10.66,3082992,-2.09
HAUGAN,784,-7.33,6218722,-4.08
HAWTHORNE,576,0.17,4068914,4.35
HAY,314,-11.80,2321401,-10.34
HAYT,912,-2.56,6842120,5.32
HEALY,1411,1.07,9504285,0.96
HEARST,296,-1.33,3661631,-1.01
HEDGES,578,-6.92,4498069,-4.70
HEFFERAN,279,-9.71,2630877,-6.61
HENDERSON,218,-10.29,1763785,-6.98
HENDRICKS,203,1.00,2338765,12.39
HENRY,439,-7.77,3290943,-6.36
HERNANDEZ,1046,0.10,7508956,6.12
HERZL,545,4.81,4849647,12.46
HIBBARD,872,-7.14,6610665,-4.95
HIGGINS,227,-12.36,2050267,-15.74
HIRSCH HS,121,-19.87,1606204,-17.10
HITCH,544,-1.81,3860412,-0.13
HOLDEN,445,-2.63,3481012,-5.00
HOLMES,167,-7.22,1526656,-0.75
HOPE HS,119,-12.50,2161446,1.95
HOPE INSTITUTE,349,-4.38,3379924,3.16
HORIZON  SOUTHWEST,695,4.04,5832714,9.80
HOWE,439,-4.36,3349200,1.11
HOYNE,252,0.80,1940116,1.64
HUBBARD HS,1819,2.65,15278619,2.07
HUGHES C,217,-3.98,1724053,0.76
HUGHES L,350,-11.17,4200754,-4.53
HURLEY,772,-4.10,5507446,-2.34
HYDE PARK HS,673,-9.66,6572707,-8.87
INFINITY HS,428,4.65,3693732,-0.90
INSTITUTO  HEALTH,672,-11.46,6327086,-5.35
INSTITUTO  LOZANO HS,78,-19.59,691783,-15.44
INSTITUTO  LOZANO MASTERY HS,38,11.76,283965,-8.30
INTERAMERICAN,662,4.09,4730541,12.59
INTRINSIC HS,958,-3.13,8309102,0.55
IRVING,414,-7.38,3341443,-9.41
JACKSON A,562,0.18,4028686,3.76
JACKSON M,270,-4.93,2737838,-1.95
JAHN,256,-7.91,2248467,-3.33
JAMIESON,816,-1.81,6527456,0.55
JEFFERSON HS,282,8.88,2942891,0.86
JENNER,216,-1.82,2000261,-12.22
JENSEN,384,-4.00,3058758,-1.65
JOHNSON,395,-2.71,3081130,1.73
JONES HS,1829,0.55,12342491,2.89
JOPLIN,350,-6.17,2913824,2.55
JORDAN,429,-6.94,3621494,-4.91
JUAREZ HS,1717,6.85,13876665,4.37
JULIAN HS,520,-17.59,5359052,-17.68
JUNGMAN,264,-0.38,2754291,0.44
KANOON,612,-4.52,4702763,0.62
KELLER,238,-1.24,1746036,9.90
KELLMAN,283,-8.12,2088588,-0.96
KELLOGG,245,-2.00,2161766,-0.10
KELLY HS,1878,-9.49,16265970,-8.52
KELVYN PARK HS,429,-19.51,4405628,-15.27
KENNEDY HS,1640,-1.09,14040792,2.21
KENWOOD HS,1735,-2.75,12385874,0.19
KERSHAW,232,-2.93,2429863,10.23
KILMER,721,0.42,6433592,4.06
KING ES,196,-2.97,1888168,-4.13
KING HS,653,1.71,5851470,-1.36
KINZIE,625,-0.79,5627015,0.30
KIPLING,291,-6.13,2309279,-4.20
KIPP  ASCEND,910,3.06,7192536,8.96
KIPP CHICAGO  BLOOM,338,4.32,2595392,5.52
KIPP CHICAGO  CREATE,318,4.26,2457223,8.64
KIPP CHICAGO  ONE,365,97.30,2541326,84.64
KOZMINSKI,228,-9.88,1871510,2.66
LAKE VIEW HS,1350,4.01,11210242,7.10
LANE TECH HS,4339,3.43,28548872,4.60
LANGFORD,256,-8.57,2035504,-9.99
LARA,369,-11.93,3157226,0.08
LASALLE,561,-0.36,4305712,4.80
LASALLE II,521,0.00,4379203,-5.24
LAVIZZO,321,-3.89,2697696,2.77
LAWNDALE,205,-15.29,1813201,-4.79
LEARN  7,449,24.72,3147914,21.35
LEARN  BUTLER,563,-8.31,4329578,-0.87
LEARN  CAMPBELL,455,3.64,3543363,8.17
LEARN  EXCEL,469,3.99,3571694,7.08
LEARN  MIDDLE,278,-4.47,2226012,-1.62
LEARN  PERKINS,510,2.62,3678204,5.90
LEARN  SOUTH CHICAGO,513,4.06,3830414,6.52
LEE,820,1.11,6181434,0.51
LEGACY,467,-0.64,3600737,0.80
LEGAL PREP HS,286,-6.54,2642033,-9.18
LELAND,395,-9.40,3747295,-8.77
LENART,252,-0.40,1739568,0.47
LEWIS,416,-4.81,3071580,-3.27
LIBBY,314,-16.27,3098855,-9.31
LINCOLN,856,0.35,4798316,-0.26
LINCOLN PARK HS,2130,0.05,14999836,2.53
LINDBLOM HS,1328,2.63,10194349,6.32
LITTLE BLACK PEARL HS,127,-5.22,1155412,-9.60
LITTLE VILLAGE,745,-4.73,5558592,0.61
LLOYD,969,-3.10,7087341,2.02
LOCKE A,474,-1.86,3488070,4.47
LOCKE J,1219,0.00,9359500,-0.27
LOGANDALE,700,-1.41,5524104,3.50
LORCA,758,-3.44,5617162,2.08
LOVETT,328,-7.61,2413139,-9.75
LOWELL,396,-8.76,3853694,1.61
LOZANO,198,-6.60,2350020,0.93
LYON,1507,0.20,10592308,5.38
MADERO,324,-3.57,2737181,2.81
MADISON,209,-0.95,1812100,-7.53
MAGIC JOHNSON  BRAINERD HS,117,-1.68,990128,3.57
MAGIC JOHNSON  ENGLEWOOD HS,125,5.93,1069529,8.02
MAGIC JOHNSON  HUMBOLDT PK HS,183,-9.41,1517018,-0.93
MAGIC JOHNSON  N LAWNDALE HS,173,-2.81,1492726,0.02
MAGIC JOHNSON  ROSELAND HS,228,12.87,1804378,17.65
MANIERRE,269,-4.27,2475873,-5.97
MANLEY HS,123,-30.51,1556727,-31.66
MANN,346,-2.26,2720372,-9.09
MARINE LEADERSHIP AT AMES HS,885,5.23,7581631,2.96
MARQUETTE,1056,-1.77,7765842,1.19
MARSH,723,-3.60,5591148,-2.27
MARSHALL HS,329,-11.08,3318103,-7.90
MASON,296,-8.36,2604493,-5.76
MATHER HS,1425,-5.13,11616801,-4.73
MAYER,640,5.44,5353483,4.68
MAYS,358,-7.25,3018158,-10.55
MCAULIFFE,678,-3.42,5101351,4.06
MCCLELLAN,324,1.57,3021866,-0.93
MCCORMICK,674,-4.40,5091918,-0.09
MCCUTCHEON,326,-8.17,3679038,-8.33
MCDADE,196,0.00,1430633,2.18
MCDOWELL,147,-5.77,1122985,-8.28
MCKAY,729,-0.14,6054071,3.07
MCNAIR,379,-0.79,4056970,3.48
MCPHERSON,642,-5.03,6515519,-1.43
MELODY,386,-6.08,3298409,0.67
METCALFE,344,-9.23,2639719,-9.22
MIRELES,507,-5.76,3965966,-3.28
MITCHELL,364,1.11,2691852,-1.09
MOLLISON,313,-10.57,2957122,-4.36
MONROE,757,-7.46,5767154,-7.14
MONTESSORI ENGLEWOOD,258,10.73,2225997,7.30
MOOS,484,0.83,3886506,-0.82
MORGAN PARK HS,1432,0.85,11982933,2.44
MORRILL,665,-4.86,5169102,1.86
MORTON,312,-11.11,2538664,-4.53
MOUNT GREENWOOD,1129,1.99,6604480,4.35
MOUNT VERNON,217,-9.96,1914484,-4.52
MOVING EVEREST,350,28.21,2705799,31.76
MOZART,637,-5.21,4948265,-1.39
MULTICULTURAL HS,243,-3.19,2354069,-4.55
MURPHY,494,-2.76,3976645,0.41
MURRAY,526,1.15,3902027,3.67
NAMASTE,482,-0.62,3862683,5.80
NASH,270,-11.18,1925138,-9.38
NATIONAL TEACHERS,722,5.09,5427644,10.72
NEIL,255,-5.56,4326498,-4.21
NETTELHORST,749,0.00,5042219,5.13
NEW FIELD,524,-1.69,4580176,4.19
NEW SULLIVAN,414,-3.94,4071024,0.20
NEWBERRY,561,0.72,4583336,3.24
NICHOLSON,481,-0.21,4208320,2.09
NIGHTINGALE,1113,-2.20,8134664,0.92
NINOS HEROES,325,-3.85,2813320,2.13
NIXON,763,-6.38,5453410,-4.92
NKRUMAH,209,-1.88,1710178,6.56
NOBEL,808,-2.06,6074966,2.45
NOBLE  ACADEMY HS,441,27.46,3584845,28.76
NOBLE  BAKER HS,346,-11.51,3377173,-4.60
NOBLE  BULLS HS,1145,-0.09,9840298,5.06
NOBLE  BUTLER HS,643,4.55,5683868,7.58
NOBLE  COMER HS,1150,0.97,9928751,4.00
NOBLE  DRW HS,523,-4.04,4991157,3.52
NOBLE  GOLDER HS,651,-0.46,5839501,8.22
NOBLE  HANSBERRY HS,682,-3.81,6031562,0.05
NOBLE  ITW SPEER HS,962,17.60,8037351,17.50
NOBLE  JOHNSON HS,874,1.16,7897770,3.98
NOBLE  MANSUETO HS,398,117.49,3138270,103.99
NOBLE  MUCHIN HS,976,3.17,8126509,7.38
NOBLE  NOBLE HS,649,2.04,5593257,4.69
NOBLE  PRITZKER HS,976,-3.17,8416366,2.03
NOBLE  RAUNER HS,657,1.23,5712397,8.52
NOBLE  ROWE CLARK HS,545,-2.33,4936614,-3.11
NOBLE  UIC HS,911,0.22,7781581,3.84
NORTH LAWNDALE  CHRISTIANA HS,369,-2.64,3166885,-1.84
NORTH LAWNDALE  COLLINS HS,384,-4.95,3405566,-6.03
NORTH RIVER,261,-3.69,2337490,5.64
NORTHGRAND HS,957,-0.42,8612409,5.00
NORTHSIDE LEARNING HS,207,-9.21,5700192,0.79
NORTHSIDE PREP HS,1074,0.47,7757489,4.02
NORTHWEST,471,-4.27,3487380,-5.49
NORWOOD PARK,370,-1.33,2736513,1.36
OGDEN,1507,-2.90,10709323,2.88
OGLESBY,423,-1.86,3775658,3.16
OKEEFFE,592,-1.00,4625234,8.05
OMBUDSMAN  NORTHWEST HS,227,-11.67,1920683,-5.03
OMBUDSMAN  SOUTH HS,352,-23.64,3065502,-13.50
OMBUDSMAN  WEST HS,336,-7.95,2882353,-0.21
ONAHAN,589,-1.83,4008433,3.84
ORIOLE PARK,677,3.36,4344699,8.03
OROZCO,540,1.89,4592498,-3.65
ORR HS,312,-19.17,3263253,-10.25
ORTIZ DE DOMINGUEZ,449,-11.09,3763301,-3.26
OTIS,408,-9.13,4271845,-6.93
OTOOLE,330,-8.84,2771205,-0.86
OWEN,267,1.52,2167442,3.18
OWENS,367,-8.02,3226493,-8.57
PALMER,743,-2.62,5580939,1.90
PARK MANOR,291,-6.73,2347399,-2.63
PARKER,428,-8.74,3280882,-12.36
PARKSIDE,201,-5.63,1875959,-0.46
PASTEUR,697,-43.15,5325595,-37.30
PATHWAYS  ASHBURN HS,206,3.52,1739415,5.33
PATHWAYS  AVONDALE HS,214,-14.40,1820126,-13.11
PATHWAYS  BRIGHTON PARK HS,359,1.70,2873803,5.80
PAYTON HS,1086,10.93,7785564,11.39
PEACE AND EDUCATION HS,107,-5.31,1227141,-1.39
PECK,730,-48.92,5668848,-41.81
PEIRCE,911,-1.41,6805154,0.82
PENN,293,-7.28,3036095,-3.63
PEREZ,264,-4.00,2352995,0.64
PERSHING,633,6.75,4517941,9.02
PERSPECTIVES  JOSLIN HS,394,0.00,3642738,6.59
PERSPECTIVES  LEADERSHIP HS,460,-4.37,4294934,-2.32
PERSPECTIVES  MATH & SCI HS,456,-2.77,4188300,-0.74
PERSPECTIVES  TECH HS,353,-7.35,3245628,-5.07
PETERSON,839,0.24,6234234,7.38
PHILLIPS HS,516,-7.53,5174496,-4.79
PHOENIX MILITARY HS,540,0.00,4739497,-1.55
PICCOLO,548,-0.90,4165874,1.56
PICKARD,390,-12.36,3236829,-5.93
PILSEN,291,-6.13,2751461,-7.81
PIRIE,232,-10.42,2248845,-0.83
PLAMONDON,144,0.00,1102049,-5.07
PLATO,454,1.34,3303719,4.77
POE,220,2.80,1568447,5.31
POLARIS,444,-0.22,3543412,6.69
PORTAGE PARK,820,-4.32,6146393,-1.26
POWELL,583,3.19,4513713,7.55
PRESCOTT,346,2.06,2582925,2.22
PRIETO,950,-1.96,7357310,2.78
PRITZKER,719,0.14,4740283,3.96
PROSSER HS,1336,-2.98,11123225,-2.63
PROVIDENCE ENGLEWOOD,506,0.80,3808414,11.43
PRUSSING,654,-0.91,4760620,-4.93
PULASKI,826,1.23,5813607,3.85
PULLMAN,335,5.68,2713309,3.46
RABY HS,401,-3.61,4065613,-6.17
RANDOLPH,452,-2.80,3474731,0.40
RAVENSWOOD,511,2.61,3703705,7.07
RAY,597,-3.71,4746457,-0.87
REAVIS,187,-4.59,1631041,3.04
REILLY,860,-3.91,6627867,0.96
REINBERG,747,-1.06,6535710,0.44
REVERE,181,-10.40,1525329,-9.61
RICHARDS HS,240,-4.76,2214739,-5.20
RICHARDSON,1242,#DIV/0!,8690907,#DIV/0!
RICKOVER MILITARY HS,563,-0.71,4839490,-0.55
ROBESON HS,120,-20.53,1601135,-17.48
ROBINSON,89,-2.20,848497,-3.82
ROGERS,723,2.55,5496834,4.98
ROOSEVELT HS,1073,-10.43,9931236,0.56
ROWE,1001,5.81,7360873,9.30
RUDOLPH,72,9.09,2567517,-0.40
RUGGLES,368,0.55,2757505,5.65
RUIZ,683,-5.66,5510980,-1.03
RYDER,342,-0.29,3639695,-0.55
SABIN,583,-3.16,4358936,0.03
SALAZAR,326,-5.78,2631980,-3.58
SANDOVAL,929,-5.49,6982249,0.04
SAUCEDO,966,-4.83,7334383,2.30
SAUGANASH,576,-1.20,3439669,-0.55
SAWYER,1597,-3.80,11017411,2.13
SAYRE,384,-8.35,2900523,-0.41
SCAMMON,747,-1.71,5398589,-0.78
SCHMID,180,-2.17,1558022,3.67
SCHUBERT,692,-4.81,5316292,0.70
SCHURZ HS,1638,-9.60,14990516,-5.92
SENN HS,1458,3.04,12267734,6.88
SEWARD,644,-6.53,5138954,-0.28
SHERIDAN,564,0.18,4104566,2.04
SHERMAN,242,-7.63,1923781,-1.05
SHERWOOD,263,-4.01,2303554,-7.92
SHIELDS,767,-6.69,6102865,-2.63
SHIELDS MIDDLE,623,-4.74,4844769,-0.17
SHOESMITH,330,-7.04,2411268,-1.63
SHOOP,411,-5.73,3247119,-2.23
SIMEON HS,1348,1.89,10846030,3.73
SIMPSON HS,52,-18.75,619028,0.74
SKINNER,1092,4.10,6731000,6.37
SKINNER NORTH,492,0.82,3266509,9.70
SMITH,325,-2.69,2545493,-6.39
SMYSER,932,-2.00,6569200,5.71
SMYTH,362,-2.69,3625289,-1.93
SOCIAL JUSTICE HS,297,-2.30,2753066,-4.37
SOLOMON,300,-2.28,3148394,2.63
SOLORIO HS,1199,4.99,9854822,5.85
SOUTH LOOP,753,-3.34,4482614,-2.40
SOUTH SHORE ES,388,-2.51,3690155,4.49
SOUTH SHORE INTL HS,610,3.21,5456031,10.51
SOUTHEAST,456,12.87,3248781,33.16
SOUTHSIDE HS,234,-13.33,6296019,-1.36
SPENCER,578,-8.83,4849450,-5.59
SPRY ES,531,-3.80,4162703,-0.87
SPRY HS,125,-22.84,1445140,-13.02
STAGG,373,-8.35,2973995,-4.14
STEINMETZ HS,1276,-7.13,11558622,-4.47
STEM,465,0.87,3185219,5.55
STEVENSON,1178,-0.17,9451642,2.99
STOCK,-1,-1,816110,-6.39
STONE,624,-0.32,4652202,0.78
STOWE,592,-6.03,4714983,-6.97
SUDER,319,-4.78,3534594,1.94
SULLIVAN HS,658,5.11,6518056,9.23
SUMNER,227,-8.47,1765238,-9.52
SUTHERLAND,586,-4.87,4140072,0.03
SWIFT,588,-3.61,4780960,6.16
TAFT HS,3302,0.40,23350944,2.71
TALCOTT,460,-2.95,3935148,4.23
TALMAN,363,0.00,3207789,3.64
TANNER,299,-5.08,2874540,1.46
TARKINGTON,925,-3.85,6604858,-1.82
TAYLOR,447,-1.97,3630480,-0.42
TEAM HS,108,-32.50,1655797,-20.57
TELPOCHCALLI,253,-5.24,2778445,0.55
THOMAS,-1,0,529287,1.61
THORP J,294,-2.00,3116571,2.14
THORP O,841,0.12,6440013,6.50
TILDEN HS,252,-10.00,3021673,-8.44
TILL,299,-7.14,2448151,-1.36
TILTON,288,-6.49,2433315,-7.17
TONTI,917,-2.76,6625544,4.33
TURNERDREW,246,-6.46,2317679,1.78
TWAIN,1090,-1.80,7699310,2.69
U OF C  DONOGHUE,515,1.78,3645519,6.81
U OF C  NKO,353,2.92,2500457,4.50
U OF C  WOODLAWN HS,619,-0.48,5479669,6.45
U OF C  WOODSON,306,3.03,2239543,1.62
UNO  BRIGHTON PARK,582,1.57,4623139,6.72
UNO  CISNEROS,565,3.67,4266318,3.94
UNO  CLEMENTE,574,0.88,4275069,2.66
UNO  DE LAS CASAS,286,0.35,2214324,4.39
UNO  FUENTES,562,0.72,4395344,5.13
UNO  GARCIA HS,646,3.53,5689724,4.64
UNO  MARQUEZ,574,-0.17,4530990,4.13
UNO  PAZ,414,7.81,3203552,12.51
UNO  ROGERS PARK,746,1.36,6551876,8.37
UNO  SANTIAGO,282,0.71,2492441,7.72
UNO  SOCCER ELEM,576,0.00,4208915,4.58
UNO  SOCCER HS,629,-0.16,5722586,5.21
UNO  TAMAYO,288,0.00,2345240,7.31
UNO  TORRES,572,-6.84,4348091,-0.11
UNO  ZIZUMBO,574,-8.01,4399698,-1.68
UPLIFT HS,270,-10.30,3199061,-2.18
URBAN PREP  BRONZEVILLE HS,331,-9.32,2914763,-3.29
URBAN PREP  ENGLEWOOD HS,325,0.00,3084745,-0.36
URBAN PREP  WEST HS,240,-11.44,2294912,-7.44
VANDERPOEL,280,-2.44,2343313,1.31
VAUGHN HS,200,-2.91,4176102,0.36
VICK,-1,0,862414,-6.77
VOISE HS,232,-23.68,2758818,-10.22
VOLTA,781,-6.91,6270007,-0.78
VON LINNE,591,0.85,4670873,3.78
VON STEUBEN HS,1687,-2.88,13321673,-1.22
WACKER,259,4.44,2268263,-3.73
WADSWORTH,509,-0.20,4021342,4.27
WALSH,300,-8.54,2885718,-5.29
WARD J,534,2.89,3817578,3.79
WARD L,405,-11.18,3473464,-7.58
WARREN,227,-9.56,1727049,-9.55
WASHINGTON G ES,817,0.00,5739561,2.45
WASHINGTON H ES,302,-10.12,2739132,-8.33
WASHINGTON HS,1385,-1.77,11175035,0.02
WATERS,601,-5.21,3788119,-0.17
WEBSTER,243,0.00,1777720,-2.11
WELLS ES,307,-8.63,2453886,-10.49
WELLS HS,304,-19.58,3554149,-16.09
WENTWORTH,432,-7.10,4021742,-7.26
WEST PARK,587,-1.01,4296551,2.75
WEST RIDGE,777,2.64,6075375,7.32
WESTCOTT,352,-6.13,2923827,3.11
WESTINGHOUSE HS,1159,0.78,9102237,1.93
WHISTLER,280,-1.75,2718294,15.30
WHITE,161,0.63,1233346,-7.80
WHITNEY,959,-1.34,7029717,3.46
WHITTIER,231,-7.97,1953801,-12.10
WILDWOOD,487,0.00,3568120,1.74
WILLIAMS HS,238,0.42,2058013,0.18
WOODLAWN,166,-5.14,1272839,-1.20
WOODSON,314,-2.18,2946116,3.75
WORLD LANGUAGE HS,339,-0.29,3023782,0.04
YATES,404,-8.39,4302720,-3.15
YCCS,3978,-1.04,33958929,-2.50
YORK HS,258,-4.44,2480157,-1.08
YOUNG ES,758,-8.89,6048645,-5.74
YOUNG HS,2076,-1.70,14382906,2.09
YOUNG WOMENS HS,257,3.63,2447358,3.47
ZAPATA,708,-6.96,5279033,-6.75